1, 3363.2382741165616
2, 3665.9078828040288
3, 3967.851117958619
4, 3967.851117958619
5, 4116.124223311727
6, 4211.348714776136
7, 4211.348714776136
8, 4502.942940360095
9, 4502.942940360095
10, 4502.942940360095
11, 4502.942940360095
12, 4502.942940360095
13, 4502.942940360095
14, 4502.942940360095
15, 4602.115407887063
16, 4602.115407887063
17, 4602.115407887063
18, 4602.115407887063
19, 4740.424453376776
20, 4740.424453376776
21, 4740.424453376776
22, 4740.424453376776
23, 4740.424453376776
24, 4740.424453376776
25, 4854.029888265297
26, 4854.029888265297
27, 4854.029888265297
28, 4854.029888265297
29, 4854.029888265297
30, 4854.029888265297
31, 4854.029888265297
32, 4854.029888265297
33, 4854.029888265297
34, 4854.029888265297
35, 4854.029888265297
36, 4967.5630571207375
37, 4967.5630571207375
38, 4967.5630571207375
39, 4967.5630571207375
40, 4967.5630571207375
41, 4967.5630571207375
42, 4967.5630571207375
43, 4967.5630571207375
44, 4967.5630571207375
45, 4967.5630571207375
46, 4967.5630571207375
47, 4967.5630571207375
48, 4967.5630571207375
49, 4967.5630571207375
50, 4967.5630571207375
51, 4967.5630571207375
52, 4967.5630571207375
53, 4967.5630571207375
54, 4967.5630571207375
55, 4967.5630571207375
56, 4967.5630571207375
57, 4967.5630571207375
58, 4967.5630571207375
59, 4967.5630571207375
60, 4967.5630571207375
61, 4967.5630571207375
62, 4967.5630571207375
63, 4967.5630571207375
64, 4967.5630571207375
65, 4967.5630571207375
66, 4967.5630571207375
67, 4967.5630571207375
68, 5036.7559422461245
69, 5036.7559422461245
70, 5036.7559422461245
71, 5036.7559422461245
72, 5036.7559422461245
73, 5036.7559422461245
74, 5036.7559422461245
75, 5036.7559422461245
76, 5035.333221540002
77, 5014.094255772645
78, 5014.094255772645
79, 5014.094255772645
80, 5014.094255772645
81, 5014.094255772645
82, 5014.094255772645
83, 5014.094255772645
84, 5014.094255772645
85, 5014.094255772645
86, 5014.094255772645
87, 5014.094255772645
88, 5014.094255772645
89, 5014.094255772645
90, 5014.094255772645
91, 5014.094255772645
92, 5014.094255772645
93, 5014.094255772645
94, 5014.094255772645
95, 5014.094255772645
96, 5014.094255772645
97, 5014.094255772645
98, 5014.094255772645
99, 5014.094255772645
100, 5014.094255772645
101, 5014.094255772645
102, 5014.094255772645
103, 5014.094255772645
104, 5014.094255772645
105, 5014.094255772645
106, 5014.094255772645
107, 5014.094255772645
108, 5014.094255772645
109, 5014.094255772645
110, 5014.094255772645
111, 5014.094255772645
112, 5014.094255772645
113, 5014.094255772645
114, 5014.094255772645
115, 5014.094255772645
116, 5014.094255772645
117, 5014.094255772645
118, 5014.094255772645
119, 5008.205666423626
120, 5008.205666423626
121, 5008.205666423626
122, 5008.205666423626
123, 5008.205666423626
124, 5008.205666423626
125, 5008.205666423626
126, 5008.205666423626
127, 5008.205666423626
128, 5008.205666423626
129, 5008.205666423626
130, 5008.205666423626
131, 5008.205666423626
132, 5008.205666423626
133, 5008.205666423626
134, 5008.205666423626
135, 5008.205666423626
136, 5008.205666423626
137, 5008.205666423626
138, 5008.205666423626
139, 5008.205666423626
140, 5008.205666423626
141, 5008.205666423626
142, 5008.205666423626
143, 5008.205666423626
144, 5008.205666423626
145, 5008.205666423626
146, 5008.205666423626
147, 5008.205666423626
148, 5008.205666423626
149, 5008.205666423626
150, 5008.205666423626
151, 5008.205666423626
152, 5008.205666423626
153, 5008.205666423626
154, 5008.205666423626
155, 5008.205666423626
156, 5008.205666423626
157, 5008.205666423626
158, 5008.205666423626
159, 5008.205666423626
160, 5008.205666423626
161, 5008.205666423626
162, 5008.205666423626
163, 5008.205666423626
164, 5008.205666423626
165, 5008.205666423626
166, 5008.205666423626
167, 5008.205666423626
168, 5008.205666423626
169, 5008.205666423626
170, 5008.205666423626
171, 5008.205666423626
172, 5008.205666423626
173, 5008.205666423626
174, 5008.205666423626
175, 5008.205666423626
176, 5008.205666423626
177, 5008.205666423626
178, 5008.205666423626
179, 5008.205666423626
180, 5004.0658868947985
181, 5004.0658868947985
182, 5004.0658868947985
183, 5004.0658868947985
184, 5004.0658868947985
185, 5004.0658868947985
186, 5004.0658868947985
187, 5004.0658868947985
188, 5004.0658868947985
189, 5004.0658868947985
190, 5004.0658868947985
191, 5004.0658868947985
192, 5004.0658868947985
193, 5004.0658868947985
194, 5004.0658868947985
195, 5004.0658868947985
196, 5004.0658868947985
197, 5004.0658868947985
198, 5004.0658868947985
199, 5004.0658868947985
200, 5004.0658868947985
201, 5004.0658868947985
202, 5004.0658868947985
203, 5004.0658868947985
204, 5004.0658868947985
205, 5004.0658868947985
206, 5004.0658868947985
207, 5004.0658868947985
208, 5004.0658868947985
209, 5004.0658868947985
210, 5004.0658868947985
211, 5004.0658868947985
212, 5004.0658868947985
213, 5004.0658868947985
214, 5004.0658868947985
215, 5004.0658868947985
216, 5004.0658868947985
217, 5004.0658868947985
218, 5004.0658868947985
219, 5004.0658868947985
220, 5004.0658868947985
221, 5004.0658868947985
222, 5004.0658868947985
223, 5004.0658868947985
224, 5004.0658868947985
225, 5004.0658868947985
226, 5004.0658868947985
227, 5004.0658868947985
228, 5004.0658868947985
229, 5004.0658868947985
230, 5004.0658868947985
231, 5004.0658868947985
232, 5004.0658868947985
233, 5004.0658868947985
234, 5004.0658868947985
235, 5004.0658868947985
236, 5004.0658868947985
237, 5004.0658868947985
238, 5004.0658868947985
239, 5004.0658868947985
240, 5004.0658868947985
241, 5004.0658868947985
242, 5004.0658868947985
243, 5004.0658868947985
244, 5004.0658868947985
245, 5004.0658868947985
246, 5004.0658868947985
247, 5004.0658868947985
248, 5004.0658868947985
249, 5004.0658868947985
250, 5004.0658868947985
251, 5004.0658868947985
252, 5004.0658868947985
253, 5004.0658868947985
254, 5004.0658868947985
255, 5004.0658868947985
256, 5004.0658868947985
257, 5004.0658868947985
258, 5004.0658868947985
259, 5004.0658868947985
260, 5004.0658868947985
261, 5004.0658868947985
262, 5004.0658868947985
263, 5004.0658868947985
264, 4997.503958396717
265, 4997.503958396717
266, 4997.503958396717
267, 4997.503958396717
268, 4997.503958396717
269, 4997.503958396717
270, 4997.503958396717
271, 4997.503958396717
272, 4997.503958396717
273, 4997.503958396717
274, 4997.503958396717
275, 4997.503958396717
276, 4997.503958396717
277, 4997.503958396717
278, 4997.503958396717
279, 4997.503958396717
280, 4997.503958396717
281, 4997.503958396717
282, 4997.503958396717
283, 4997.503958396717
284, 4997.503958396717
285, 4997.503958396717
286, 4997.503958396717
287, 4997.503958396717
288, 4997.503958396717
289, 4997.503958396717
290, 4997.503958396717
291, 4997.503958396717
292, 4997.503958396717
293, 4997.503958396717
294, 4997.503958396717
295, 4997.503958396717
296, 4997.503958396717
297, 4997.503958396717
298, 4997.503958396717
299, 4997.503958396717
300, 4997.503958396717
301, 4997.503958396717
302, 4997.503958396717
303, 4997.503958396717
304, 4997.503958396717
305, 4997.503958396717
306, 4997.503958396717
307, 4997.503958396717
308, 4997.503958396717
309, 4997.503958396717
310, 4997.503958396717
311, 4997.503958396717
312, 4997.503958396717
313, 4997.503958396717
314, 4997.503958396717
315, 4997.503958396717
316, 4997.503958396717
317, 4997.503958396717
318, 4997.503958396717
319, 4997.503958396717
320, 4997.503958396717
321, 4997.503958396717
322, 4997.503958396717
323, 4997.503958396717
324, 4997.503958396717
325, 4997.503958396717
326, 4997.503958396717
327, 4997.503958396717
328, 4997.503958396717
329, 4997.503958396717
330, 4997.503958396717
331, 4997.503958396717
332, 4997.503958396717
333, 4997.503958396717
334, 4997.503958396717
335, 4997.503958396717
336, 4997.503958396717
337, 4997.503958396717
338, 4997.503958396717
339, 4997.503958396717
340, 4997.503958396717
341, 4997.503958396717
342, 4997.503958396717
343, 4997.503958396717
344, 4997.503958396717
345, 4997.503958396717
346, 4997.685063093056
347, 4997.685063093056
348, 4997.685063093056
349, 4997.685063093056
350, 4997.685063093056
351, 4997.685063093056
352, 4997.685063093056
353, 4997.685063093056
354, 4997.685063093056
355, 4997.685063093056
356, 4997.685063093056
357, 4997.685063093056
358, 4997.685063093056
359, 4997.685063093056
360, 4997.685063093056
361, 4997.685063093056
362, 4997.685063093056
363, 4859.376017603343
364, 4859.376017603343
365, 4859.376017603343
366, 4859.376017603343
367, 4859.376017603343
368, 4859.376017603343
369, 4859.376017603343
370, 4859.376017603343
371, 4859.376017603343
372, 4859.376017603343
373, 4859.376017603343
374, 4859.376017603343
375, 4859.376017603343
376, 4859.376017603343
377, 4859.376017603343
378, 4859.376017603343
379, 4859.376017603343
380, 4859.376017603343
381, 4859.376017603343
382, 4859.376017603343
383, 4859.376017603343
384, 4859.376017603343
385, 4859.376017603343
386, 4859.376017603343
387, 4859.376017603343
388, 4859.376017603343
389, 4859.376017603343
390, 4859.376017603343
391, 4859.376017603343
392, 4859.376017603343
393, 4859.376017603343
394, 4859.376017603343
395, 4859.376017603343
396, 4859.376017603343
397, 4859.376017603343
398, 4859.376017603343
399, 4859.376017603343
400, 4859.376017603343
401, 4859.376017603343
402, 4859.376017603343
403, 4859.376017603343
404, 4859.376017603343
405, 4859.376017603343
406, 4859.376017603343
407, 4859.376017603343
408, 4859.376017603343
409, 4859.376017603343
410, 4859.376017603343
411, 4859.376017603343
412, 4859.376017603343
413, 4859.376017603343
414, 4859.376017603343
415, 4859.376017603343
416, 4859.376017603343
417, 4859.376017603343
418, 4859.376017603343
419, 4859.376017603343
420, 4859.376017603343
421, 4859.376017603343
422, 4859.376017603343
423, 4859.376017603343
424, 4859.376017603343
425, 4859.376017603343
426, 4859.376017603343
427, 4859.376017603343
428, 4859.376017603343
429, 4859.376017603343
430, 4859.376017603343
431, 4859.376017603343
432, 4859.376017603343
433, 4859.376017603343
434, 4859.376017603343
435, 4859.376017603343
436, 4859.376017603343
437, 4859.376017603343
438, 4859.376017603343
439, 4859.376017603343
440, 4859.376017603343
441, 4859.376017603343
442, 4859.376017603343
443, 4859.376017603343
444, 4859.376017603343
445, 4859.376017603343
446, 4859.376017603343
447, 4859.376017603343
448, 4859.376017603343
449, 4859.376017603343
450, 4859.376017603343
451, 4859.376017603343
452, 4859.376017603343
453, 4819.956035793546
454, 4819.956035793546
455, 4819.956035793546
456, 4819.956035793546
457, 4819.956035793546
458, 4819.956035793546
459, 4819.956035793546
460, 4819.956035793546
461, 4819.956035793546
462, 4819.956035793546
463, 4819.956035793546
464, 4819.956035793546
465, 4819.956035793546
466, 4819.956035793546
467, 4819.956035793546
468, 4819.956035793546
469, 4819.956035793546
470, 4819.956035793546
471, 4819.956035793546
472, 4819.956035793546
473, 4819.956035793546
474, 4819.956035793546
475, 4819.956035793546
476, 4819.956035793546
477, 4819.956035793546
478, 4724.731544329138
479, 4724.731544329138
480, 4724.731544329138
481, 4724.731544329138
482, 4724.731544329138
483, 4724.731544329138
484, 4724.731544329138
485, 4724.731544329138
486, 4724.731544329138
487, 4724.731544329138
488, 4724.731544329138
489, 4724.731544329138
490, 4724.731544329138
491, 4724.731544329138
492, 4724.731544329138
493, 4724.731544329138
494, 4724.731544329138
495, 4724.731544329138
496, 4724.731544329138
497, 4724.731544329138
498, 4724.731544329138
499, 4724.731544329138
500, 4724.731544329138
501, 4724.731544329138
502, 4724.731544329138
503, 4724.731544329138
504, 4724.731544329138
505, 4724.731544329138
506, 4724.731544329138
507, 4724.731544329138
508, 4724.731544329138
509, 4724.731544329138
510, 4724.731544329138
511, 4724.731544329138
512, 4724.731544329138
513, 4724.731544329138
514, 4724.731544329138
515, 4724.731544329138
516, 4724.731544329138
517, 4724.731544329138
518, 4724.731544329138
519, 4724.731544329138
520, 4724.731544329138
521, 4724.731544329138
522, 4724.731544329138
523, 4724.731544329138
524, 4724.731544329138
525, 4724.731544329138
526, 4724.731544329138
527, 4724.731544329138
528, 4724.731544329138
529, 4724.731544329138
530, 4724.731544329138
531, 4724.731544329138
532, 4724.731544329138
533, 4724.731544329138
534, 4724.731544329138
535, 4724.731544329138
536, 4724.731544329138
537, 4724.731544329138
538, 4724.731544329138
539, 4724.731544329138
540, 4724.731544329138
541, 4724.731544329138
542, 4724.731544329138
543, 4724.731544329138
544, 4724.731544329138
545, 4724.731544329138
546, 4724.731544329138
547, 4724.731544329138
548, 4724.731544329138
549, 4724.731544329138
550, 4724.731544329138
551, 4724.731544329138
552, 4724.731544329138
553, 4724.731544329138
554, 4724.731544329138
555, 4724.731544329138
556, 4724.731544329138
557, 4724.731544329138
558, 4724.731544329138
559, 4724.731544329138
560, 4724.731544329138
561, 4724.731544329138
562, 4724.731544329138
563, 4724.731544329138
564, 4724.731544329138
565, 4724.731544329138
566, 4724.731544329138
567, 4724.731544329138
568, 4724.731544329138
569, 4724.731544329138
570, 4724.731544329138
571, 4724.731544329138
572, 4724.731544329138
573, 4724.731544329138
574, 4724.731544329138
575, 4724.731544329138
576, 4724.731544329138
577, 4724.731544329138
578, 4724.731544329138
579, 4724.731544329138
580, 4724.731544329138
581, 4724.731544329138
582, 4724.731544329138
583, 4724.731544329138
584, 4724.731544329138
585, 4724.731544329138
586, 4724.731544329138
587, 4724.731544329138
588, 4724.731544329138
589, 4724.731544329138
590, 4724.731544329138
591, 4724.731544329138
592, 4724.731544329138
593, 4724.731544329138
594, 4724.731544329138
595, 4724.731544329138
596, 4724.731544329138
597, 4724.731544329138
598, 4724.731544329138
599, 4724.731544329138
600, 4724.731544329138
601, 4724.731544329138
602, 4724.731544329138
603, 4724.731544329138
604, 4724.731544329138
605, 4724.731544329138
606, 4724.731544329138
607, 4724.731544329138
608, 4724.731544329138
609, 4724.731544329138
610, 4724.731544329138
611, 4724.731544329138
612, 4724.731544329138
613, 4724.731544329138
614, 4724.731544329138
615, 4724.731544329138
616, 4724.731544329138
617, 4724.731544329138
618, 4724.731544329138
619, 4724.731544329138
620, 4724.731544329138
621, 4724.731544329138
622, 4724.731544329138
623, 4724.731544329138
624, 4724.731544329138
625, 4724.731544329138
626, 4724.731544329138
627, 4724.731544329138
628, 4724.731544329138
629, 4724.731544329138
630, 4724.731544329138
631, 4724.731544329138
632, 4724.731544329138
633, 4724.731544329138
634, 4724.731544329138
635, 4724.731544329138
636, 4724.731544329138
637, 4724.731544329138
638, 4724.731544329138
639, 4724.731544329138
640, 4724.731544329138
641, 4724.731544329138
642, 4724.731544329138
643, 4724.731544329138
644, 4724.731544329138
645, 4724.731544329138
646, 4724.731544329138
647, 4724.731544329138
648, 4724.731544329138
649, 4724.731544329138
650, 4724.731544329138
651, 4724.731544329138
652, 4724.731544329138
653, 4724.731544329138
654, 4724.731544329138
655, 4724.731544329138
656, 4724.731544329138
657, 4724.731544329138
658, 4724.731544329138
659, 4724.731544329138
660, 4724.731544329138
661, 4724.731544329138
662, 4724.731544329138
663, 4724.731544329138
664, 4724.731544329138
665, 4724.731544329138
666, 4724.731544329138
667, 4724.731544329138
668, 4724.731544329138
669, 4724.731544329138
670, 4724.731544329138
671, 4724.731544329138
672, 4724.731544329138
673, 4724.731544329138
674, 4724.731544329138
675, 4724.731544329138
676, 4724.731544329138
677, 4724.731544329138
678, 4724.731544329138
679, 4724.731544329138
680, 4724.731544329138
681, 4724.731544329138
682, 4724.731544329138
683, 4724.731544329138
684, 4724.731544329138
685, 4724.731544329138
686, 4724.731544329138
687, 4724.731544329138
688, 4724.731544329138
689, 4723.5886426131965
690, 4723.5886426131965
691, 4723.5886426131965
692, 4723.5886426131965
693, 4723.5886426131965
694, 4723.5886426131965
695, 4723.5886426131965
696, 4723.5886426131965
697, 4723.5886426131965
698, 4723.5886426131965
699, 4723.5886426131965
700, 4723.5886426131965
701, 4723.5886426131965
702, 4723.5886426131965
703, 4723.5886426131965
704, 4723.5886426131965
705, 4723.5886426131965
706, 4723.5886426131965
707, 4723.5886426131965
708, 4723.5886426131965
709, 4723.5886426131965
710, 4723.5886426131965
711, 4723.5886426131965
712, 4723.5886426131965
713, 4723.5886426131965
714, 4723.5886426131965
715, 4723.5886426131965
716, 4723.5886426131965
717, 4723.5886426131965
718, 4723.5886426131965
719, 4723.5886426131965
720, 4723.5886426131965
721, 4723.5886426131965
722, 4723.5886426131965
723, 4723.5886426131965
724, 4723.5886426131965
725, 4723.5886426131965
726, 4723.5886426131965
727, 4723.5886426131965
728, 4723.5886426131965
729, 4723.5886426131965
730, 4723.5886426131965
731, 4723.5886426131965
732, 4723.5886426131965
733, 4723.5886426131965
734, 4723.5886426131965
735, 4723.5886426131965
736, 4723.5886426131965
737, 4723.5886426131965
738, 4723.5886426131965
739, 4723.5886426131965
740, 4723.5886426131965
741, 4723.5886426131965
742, 4723.5886426131965
743, 4723.5886426131965
744, 4723.5886426131965
745, 4723.5886426131965
746, 4723.5886426131965
747, 4723.5886426131965
748, 4723.5886426131965
749, 4723.5886426131965
750, 4723.5886426131965
751, 4723.5886426131965
752, 4723.5886426131965
753, 4723.5886426131965
754, 4723.5886426131965
755, 4723.5886426131965
756, 4723.5886426131965
757, 4723.5886426131965
758, 4723.5886426131965
759, 4723.5886426131965
760, 4723.5886426131965
761, 4723.5886426131965
762, 4723.5886426131965
763, 4723.5886426131965
764, 4723.5886426131965
765, 4723.5886426131965
766, 4723.5886426131965
767, 4723.5886426131965
768, 4723.5886426131965
769, 4723.5886426131965
770, 4723.5886426131965
771, 4723.5886426131965
772, 4723.5886426131965
773, 4723.5886426131965
774, 4723.5886426131965
775, 4723.5886426131965
776, 4723.5886426131965
777, 4709.498872041417
778, 4709.498872041417
779, 4709.498872041417
780, 4709.498872041417
781, 4709.498872041417
782, 4709.498872041417
783, 4709.498872041417
784, 4709.498872041417
785, 4709.498872041417
786, 4709.498872041417
787, 4709.498872041417
788, 4709.498872041417
789, 4709.498872041417
790, 4709.498872041417
791, 4709.498872041417
792, 4709.498872041417
793, 4709.498872041417
794, 4709.498872041417
795, 4709.498872041417
796, 4709.498872041417
797, 4709.498872041417
798, 4709.498872041417
799, 4709.498872041417
800, 4709.498872041417
801, 4709.498872041417
802, 4709.498872041417
803, 4709.498872041417
804, 4709.498872041417
805, 4709.498872041417
806, 4709.498872041417
807, 4709.498872041417
808, 4709.498872041417
809, 4709.498872041417
810, 4709.498872041417
811, 4709.498872041417
812, 4709.498872041417
813, 4709.498872041417
814, 4709.498872041417
815, 4709.498872041417
816, 4709.498872041417
817, 4709.498872041417
818, 4709.498872041417
819, 4709.498872041417
820, 4709.498872041417
821, 4709.498872041417
822, 4709.498872041417
823, 4709.498872041417
824, 4709.498872041417
825, 4709.498872041417
826, 4709.498872041417
827, 4709.498872041417
828, 4709.498872041417
829, 4709.498872041417
830, 4709.498872041417
831, 4709.498872041417
832, 4709.498872041417
833, 4709.498872041417
834, 4709.498872041417
835, 4709.498872041417
836, 4709.498872041417
837, 4709.498872041417
838, 4709.498872041417
839, 4709.498872041417
840, 4709.498872041417
841, 4709.498872041417
842, 4709.498872041417
843, 4709.498872041417
844, 4709.498872041417
845, 4709.498872041417
846, 4709.498872041417
847, 4709.498872041417
848, 4709.498872041417
849, 4709.498872041417
850, 4709.498872041417
851, 4709.498872041417
852, 4709.498872041417
853, 4709.498872041417
854, 4709.498872041417
855, 4709.498872041417
856, 4709.498872041417
857, 4709.498872041417
858, 4709.498872041417
859, 4709.498872041417
860, 4709.498872041417
861, 4709.498872041417
862, 4709.498872041417
863, 4709.498872041417
864, 4709.498872041417
865, 4709.498872041417
866, 4709.498872041417
867, 4709.498872041417
868, 4709.498872041417
869, 4709.498872041417
870, 4709.498872041417
871, 4709.498872041417
872, 4709.498872041417
873, 4709.498872041417
874, 4709.498872041417
875, 4709.498872041417
876, 4709.498872041417
877, 4709.498872041417
878, 4709.498872041417
879, 4709.498872041417
880, 4709.498872041417
881, 4709.498872041417
882, 4709.498872041417
883, 4692.988658067009
884, 4692.988658067009
885, 4692.988658067009
886, 4692.988658067009
887, 4692.988658067009
888, 4692.988658067009
889, 4692.988658067009
890, 4692.988658067009
891, 4692.988658067009
892, 4692.988658067009
893, 4692.988658067009
894, 4692.988658067009
895, 4692.988658067009
896, 4692.988658067009
897, 4692.988658067009
898, 4692.988658067009
899, 4692.988658067009
900, 4692.988658067009
901, 4692.988658067009
902, 4692.988658067009
903, 4692.988658067009
904, 4692.988658067009
905, 4692.988658067009
906, 4692.988658067009
907, 4692.988658067009
908, 4692.988658067009
909, 4692.988658067009
910, 4692.988658067009
911, 4692.988658067009
912, 4692.988658067009
913, 4692.988658067009
914, 4692.988658067009
915, 4692.988658067009
916, 4692.988658067009
917, 4692.988658067009
918, 4692.988658067009
919, 4692.988658067009
920, 4692.988658067009
921, 4692.988658067009
922, 4692.988658067009
923, 4692.988658067009
924, 4692.988658067009
925, 4692.988658067009
926, 4692.988658067009
927, 4692.988658067009
928, 4692.988658067009
929, 4692.988658067009
930, 4692.988658067009
931, 4692.988658067009
932, 4692.988658067009
933, 4692.988658067009
934, 4692.988658067009
935, 4692.988658067009
936, 4692.988658067009
937, 4692.988658067009
938, 4692.988658067009
939, 4692.988658067009
940, 4692.988658067009
941, 4692.988658067009
942, 4692.988658067009
943, 4692.988658067009
944, 4692.988658067009
945, 4692.988658067009
946, 4692.988658067009
947, 4692.988658067009
948, 4692.988658067009
949, 4692.988658067009
950, 4692.988658067009
951, 4692.988658067009
952, 4692.988658067009
953, 4692.988658067009
954, 4692.988658067009
955, 4692.988658067009
956, 4692.988658067009
957, 4692.988658067009
958, 4692.988658067009
959, 4692.988658067009
960, 4692.988658067009
961, 4692.988658067009
962, 4692.988658067009
963, 4692.988658067009
964, 4692.988658067009
965, 4692.988658067009
966, 4692.988658067009
967, 4692.988658067009
968, 4692.988658067009
969, 4692.988658067009
970, 4692.988658067009
971, 4692.988658067009
972, 4692.988658067009
973, 4692.988658067009
974, 4692.988658067009
975, 4692.988658067009
976, 4692.988658067009
977, 4692.988658067009
978, 4692.988658067009
979, 4692.988658067009
980, 4692.988658067009
981, 4692.988658067009
982, 4692.988658067009
983, 4692.988658067009
984, 4692.988658067009
985, 4692.988658067009
986, 4692.988658067009
987, 4692.988658067009
988, 4692.988658067009
989, 4692.988658067009
990, 4692.988658067009
991, 4692.988658067009
992, 4692.988658067009
993, 4692.988658067009
994, 4692.988658067009
995, 4692.988658067009
996, 4692.988658067009
997, 4692.988658067009
998, 4692.988658067009
999, 4692.988658067009
1000, 4692.988658067009
1001, 4692.988658067009
1002, 4692.988658067009
1003, 4692.988658067009
1004, 4692.988658067009
1005, 4692.988658067009
1006, 4692.988658067009
1007, 4692.988658067009
1008, 4692.988658067009
1009, 4692.988658067009
1010, 4692.988658067009
1011, 4692.988658067009
1012, 4692.988658067009
1013, 4692.988658067009
1014, 4692.988658067009
1015, 4692.988658067009
1016, 4692.988658067009
1017, 4692.988658067009
1018, 4692.988658067009
1019, 4692.988658067009
1020, 4692.988658067009
1021, 4692.988658067009
1022, 4692.988658067009
1023, 4692.988658067009
1024, 4692.988658067009
1025, 4692.988658067009
1026, 4692.988658067009
1027, 4692.988658067009
1028, 4692.988658067009
1029, 4692.988658067009
1030, 4692.988658067009
1031, 4692.988658067009
1032, 4692.988658067009
1033, 4692.988658067009
1034, 4692.988658067009
1035, 4692.988658067009
1036, 4692.988658067009
1037, 4692.988658067009
1038, 4692.988658067009
1039, 4692.988658067009
1040, 4692.988658067009
1041, 4692.988658067009
1042, 4692.988658067009
1043, 4692.988658067009
1044, 4692.988658067009
1045, 4692.988658067009
1046, 4692.988658067009
1047, 4692.988658067009
1048, 4692.988658067009
1049, 4692.988658067009
1050, 4692.988658067009
1051, 4692.988658067009
1052, 4692.988658067009
1053, 4692.988658067009
1054, 4692.988658067009
1055, 4692.988658067009
1056, 4692.988658067009
1057, 4692.988658067009
1058, 4692.988658067009
1059, 4692.988658067009
1060, 4692.988658067009
1061, 4692.988658067009
1062, 4692.988658067009
1063, 4692.988658067009
1064, 4692.988658067009
1065, 4692.988658067009
1066, 4692.988658067009
1067, 4692.988658067009
1068, 4692.988658067009
1069, 4692.988658067009
1070, 4692.988658067009
1071, 4692.988658067009
1072, 4692.988658067009
1073, 4692.988658067009
1074, 4692.988658067009
1075, 4692.988658067009
1076, 4692.988658067009
1077, 4692.988658067009
1078, 4692.988658067009
1079, 4692.988658067009
1080, 4692.988658067009
1081, 4692.988658067009
1082, 4692.988658067009
1083, 4692.988658067009
1084, 4692.988658067009
1085, 4692.988658067009
1086, 4692.988658067009
1087, 4692.988658067009
1088, 4692.988658067009
1089, 4692.988658067009
1090, 4692.988658067009
1091, 4692.988658067009
1092, 4692.988658067009
1093, 4692.988658067009
1094, 4692.988658067009
1095, 4692.988658067009
1096, 4692.988658067009
1097, 4692.988658067009
1098, 4692.988658067009
1099, 4692.988658067009
1100, 4692.988658067009
1101, 4692.988658067009
1102, 4692.988658067009
1103, 4692.988658067009
1104, 4692.988658067009
1105, 4692.988658067009
1106, 4692.988658067009
1107, 4692.988658067009
1108, 4692.988658067009
1109, 4692.988658067009
1110, 4692.988658067009
1111, 4692.988658067009
1112, 4692.988658067009
1113, 4692.988658067009
1114, 4692.988658067009
1115, 4692.988658067009
1116, 4692.988658067009
1117, 4692.988658067009
1118, 4692.988658067009
1119, 4692.988658067009
1120, 4692.988658067009
1121, 4692.988658067009
1122, 4692.988658067009
1123, 4692.988658067009
1124, 4692.988658067009
1125, 4692.988658067009
1126, 4692.988658067009
1127, 4692.988658067009
1128, 4692.988658067009
1129, 4692.988658067009
1130, 4692.988658067009
1131, 4692.988658067009
1132, 4692.988658067009
1133, 4692.988658067009
1134, 4692.988658067009
1135, 4692.988658067009
1136, 4692.988658067009
1137, 4692.988658067009
1138, 4692.988658067009
1139, 4692.988658067009
1140, 4692.988658067009
1141, 4692.988658067009
1142, 4692.988658067009
1143, 4692.988658067009
1144, 4692.988658067009
1145, 4692.988658067009
1146, 4692.988658067009
1147, 4692.988658067009
1148, 4692.988658067009
1149, 4692.988658067009
1150, 4692.988658067009
1151, 4692.988658067009
1152, 4692.988658067009
1153, 4692.988658067009
1154, 4692.988658067009
1155, 4692.988658067009
1156, 4692.988658067009
1157, 4692.988658067009
1158, 4692.988658067009
1159, 4692.988658067009
1160, 4692.988658067009
1161, 4692.988658067009
1162, 4692.988658067009
1163, 4692.988658067009
1164, 4692.988658067009
1165, 4692.988658067009
1166, 4692.988658067009
1167, 4692.988658067009
1168, 4692.988658067009
1169, 4692.988658067009
1170, 4692.988658067009
1171, 4692.988658067009
1172, 4692.988658067009
1173, 4685.321389326665
1174, 4685.321389326665
1175, 4685.321389326665
1176, 4685.321389326665
1177, 4685.321389326665
1178, 4685.321389326665
1179, 4685.321389326665
1180, 4685.321389326665
1181, 4685.321389326665
1182, 4685.321389326665
1183, 4685.321389326665
1184, 4685.321389326665
1185, 4685.321389326665
1186, 4685.321389326665
1187, 4685.321389326665
1188, 4685.321389326665
1189, 4685.321389326665
1190, 4685.321389326665
1191, 4685.321389326665
1192, 4685.321389326665
1193, 4685.321389326665
1194, 4685.321389326665
1195, 4685.321389326665
1196, 4685.321389326665
1197, 4685.321389326665
1198, 4685.321389326665
1199, 4685.321389326665
1200, 4685.321389326665
1201, 4685.321389326665
1202, 4685.321389326665
1203, 4685.321389326665
1204, 4685.321389326665
1205, 4685.321389326665
1206, 4685.321389326665
1207, 4685.321389326665
1208, 4685.321389326665
1209, 4685.321389326665
1210, 4685.321389326665
1211, 4685.321389326665
1212, 4685.321389326665
1213, 4685.321389326665
1214, 4670.651310562207
1215, 4670.651310562207
1216, 4670.651310562207
1217, 4670.651310562207
1218, 4670.651310562207
1219, 4670.651310562207
1220, 4670.651310562207
1221, 4670.651310562207
1222, 4670.651310562207
1223, 4670.651310562207
1224, 4670.651310562207
1225, 4670.651310562207
1226, 4663.784810292977
1227, 4663.784810292977
1228, 4663.784810292977
1229, 4663.784810292977
1230, 4663.784810292977
1231, 4663.784810292977
1232, 4663.784810292977
1233, 4663.784810292977
1234, 4663.784810292977
1235, 4663.784810292977
1236, 4663.784810292977
1237, 4663.784810292977
1238, 4663.784810292977
1239, 4663.784810292977
1240, 4663.784810292977
1241, 4663.784810292977
1242, 4663.784810292977
1243, 4663.784810292977
1244, 4663.784810292977
1245, 4663.784810292977
1246, 4663.784810292977
1247, 4663.784810292977
1248, 4663.784810292977
1249, 4663.784810292977
1250, 4663.784810292977
1251, 4663.784810292977
1252, 4663.784810292977
1253, 4663.784810292977
1254, 4663.784810292977
1255, 4663.784810292977
1256, 4663.784810292977
1257, 4663.784810292977
1258, 4663.784810292977
1259, 4663.784810292977
1260, 4663.784810292977
1261, 4663.784810292977
1262, 4663.784810292977
1263, 4663.784810292977
1264, 4663.784810292977
1265, 4663.784810292977
1266, 4663.784810292977
1267, 4663.784810292977
1268, 4663.784810292977
1269, 4663.784810292977
1270, 4663.784810292977
1271, 4663.784810292977
1272, 4663.784810292977
1273, 4663.784810292977
1274, 4663.784810292977
1275, 4663.784810292977
1276, 4663.784810292977
1277, 4663.784810292977
1278, 4663.784810292977
1279, 4663.784810292977
1280, 4663.784810292977
1281, 4663.784810292977
1282, 4663.784810292977
1283, 4663.784810292977
1284, 4663.784810292977
1285, 4663.784810292977
1286, 4663.784810292977
1287, 4663.784810292977
1288, 4663.784810292977
1289, 4663.784810292977
1290, 4663.784810292977
1291, 4663.784810292977
1292, 4663.784810292977
1293, 4663.784810292977
1294, 4663.784810292977
1295, 4663.784810292977
1296, 4663.784810292977
1297, 4663.784810292977
1298, 4663.784810292977
1299, 4663.784810292977
1300, 4663.784810292977
1301, 4663.784810292977
1302, 4663.784810292977
1303, 4663.784810292977
1304, 4663.784810292977
1305, 4663.784810292977
1306, 4663.784810292977
1307, 4663.784810292977
1308, 4663.784810292977
1309, 4663.784810292977
1310, 4663.784810292977
1311, 4663.784810292977
1312, 4663.784810292977
1313, 4663.784810292977
1314, 4663.784810292977
1315, 4663.784810292977
1316, 4663.784810292977
1317, 4663.784810292977
1318, 4663.784810292977
1319, 4663.784810292977
1320, 4663.784810292977
1321, 4663.784810292977
1322, 4663.784810292977
1323, 4663.784810292977
1324, 4663.784810292977
1325, 4663.784810292977
1326, 4663.784810292977
1327, 4663.784810292977
1328, 4663.784810292977
1329, 4663.784810292977
1330, 4663.784810292977
1331, 4663.784810292977
1332, 4663.784810292977
1333, 4663.784810292977
1334, 4663.784810292977
1335, 4518.404237438589
1336, 4518.404237438589
1337, 4518.404237438589
1338, 4518.404237438589
1339, 4518.404237438589
1340, 4518.404237438589
1341, 4518.404237438589
1342, 4518.404237438589
1343, 4518.404237438589
1344, 4518.404237438589
1345, 4518.404237438589
1346, 4518.404237438589
1347, 4518.404237438589
1348, 4518.404237438589
1349, 4518.404237438589
1350, 4518.404237438589
1351, 4518.404237438589
1352, 4518.404237438589
1353, 4518.404237438589
1354, 4518.404237438589
1355, 4518.404237438589
1356, 4518.404237438589
1357, 4518.404237438589
1358, 4518.404237438589
1359, 4518.404237438589
1360, 4518.404237438589
1361, 4518.404237438589
1362, 4518.404237438589
1363, 4518.404237438589
1364, 4518.404237438589
1365, 4518.404237438589
1366, 4518.404237438589
1367, 4518.404237438589
1368, 4518.404237438589
1369, 4518.404237438589
1370, 4518.404237438589
1371, 4518.404237438589
1372, 4518.404237438589
1373, 4518.404237438589
1374, 4518.404237438589
1375, 4518.404237438589
1376, 4518.404237438589
1377, 4518.404237438589
1378, 4518.404237438589
1379, 4518.404237438589
1380, 4518.404237438589
1381, 4518.404237438589
1382, 4518.404237438589
1383, 4518.404237438589
1384, 4518.404237438589
1385, 4518.404237438589
1386, 4518.404237438589
1387, 4518.404237438589
1388, 4518.404237438589
1389, 4518.404237438589
1390, 4518.404237438589
1391, 4518.404237438589
1392, 4518.404237438589
1393, 4518.404237438589
1394, 4518.404237438589
1395, 4518.404237438589
1396, 4518.404237438589
1397, 4518.404237438589
1398, 4518.404237438589
1399, 4518.404237438589
1400, 4518.404237438589
1401, 4518.404237438589
1402, 4518.404237438589
1403, 4518.404237438589
1404, 4518.404237438589
1405, 4518.404237438589
1406, 4518.404237438589
1407, 4518.404237438589
1408, 4518.404237438589
1409, 4518.404237438589
1410, 4518.404237438589
1411, 4518.404237438589
1412, 4518.404237438589
1413, 4518.404237438589
1414, 4518.404237438589
1415, 4518.404237438589
1416, 4518.404237438589
1417, 4518.404237438589
1418, 4518.404237438589
1419, 4518.404237438589
1420, 4518.404237438589
1421, 4518.404237438589
1422, 4518.404237438589
1423, 4518.404237438589
1424, 4518.404237438589
1425, 4518.404237438589
1426, 4518.404237438589
1427, 4518.404237438589
1428, 4518.404237438589
1429, 4518.404237438589
1430, 4518.404237438589
1431, 4518.404237438589
1432, 4518.404237438589
1433, 4518.404237438589
1434, 4518.404237438589
1435, 4518.404237438589
1436, 4518.404237438589
1437, 4518.404237438589
1438, 4518.404237438589
1439, 4518.404237438589
1440, 4518.404237438589
1441, 4518.404237438589
1442, 4518.404237438589
1443, 4518.404237438589
1444, 4518.404237438589
1445, 4518.404237438589
1446, 4518.404237438589
1447, 4518.404237438589
1448, 4518.404237438589
1449, 4518.404237438589
1450, 4518.404237438589
1451, 4518.404237438589
1452, 4518.404237438589
1453, 4518.404237438589
1454, 4518.404237438589
1455, 4518.404237438589
1456, 4518.404237438589
1457, 4518.404237438589
1458, 4518.404237438589
1459, 4518.404237438589
1460, 4518.404237438589
1461, 4518.404237438589
1462, 4518.404237438589
1463, 4518.404237438589
1464, 4518.404237438589
1465, 4518.404237438589
1466, 4518.404237438589
1467, 4518.404237438589
1468, 4518.404237438589
1469, 4518.404237438589
1470, 4518.404237438589
1471, 4518.404237438589
1472, 4518.404237438589
1473, 4518.404237438589
1474, 4518.404237438589
1475, 4518.404237438589
1476, 4518.404237438589
1477, 4518.404237438589
1478, 4518.404237438589
1479, 4518.404237438589
1480, 4518.404237438589
1481, 4518.404237438589
1482, 4518.404237438589
1483, 4518.404237438589
1484, 4518.404237438589
1485, 4518.404237438589
1486, 4518.404237438589
1487, 4518.404237438589
1488, 4518.404237438589
1489, 4518.404237438589
1490, 4518.404237438589
1491, 4518.404237438589
1492, 4518.404237438589
1493, 4518.404237438589
1494, 4518.404237438589
1495, 4518.404237438589
1496, 4518.404237438589
1497, 4518.404237438589
1498, 4518.404237438589
1499, 4518.404237438589
1500, 4518.404237438589
1501, 4518.404237438589
1502, 4518.404237438589
1503, 4518.404237438589
1504, 4518.404237438589
1505, 4518.404237438589
1506, 4518.404237438589
1507, 4518.404237438589
1508, 4518.404237438589
1509, 4518.404237438589
1510, 4518.404237438589
1511, 4518.404237438589
1512, 4518.404237438589
1513, 4518.404237438589
1514, 4518.404237438589
1515, 4518.404237438589
1516, 4518.404237438589
1517, 4518.404237438589
1518, 4518.404237438589
1519, 4518.404237438589
1520, 4518.404237438589
1521, 4518.404237438589
1522, 4518.404237438589
1523, 4518.404237438589
1524, 4518.404237438589
1525, 4518.404237438589
1526, 4518.404237438589
1527, 4518.404237438589
1528, 4518.404237438589
1529, 4518.404237438589
1530, 4518.404237438589
1531, 4518.404237438589
1532, 4518.404237438589
1533, 4518.404237438589
1534, 4518.404237438589
1535, 4518.404237438589
1536, 4518.404237438589
1537, 4518.404237438589
1538, 4518.404237438589
1539, 4518.404237438589
1540, 4518.404237438589
1541, 4518.404237438589
1542, 4518.404237438589
1543, 4518.404237438589
1544, 4518.404237438589
1545, 4518.404237438589
1546, 4518.404237438589
1547, 4518.404237438589
1548, 4518.404237438589
1549, 4518.404237438589
1550, 4518.404237438589
1551, 4518.404237438589
1552, 4518.404237438589
1553, 4518.404237438589
1554, 4518.404237438589
1555, 4518.404237438589
1556, 4518.404237438589
1557, 4518.404237438589
1558, 4518.404237438589
1559, 4518.404237438589
1560, 4518.404237438589
1561, 4518.404237438589
1562, 4518.404237438589
1563, 4518.404237438589
1564, 4518.404237438589
1565, 4518.404237438589
1566, 4518.404237438589
1567, 4518.404237438589
1568, 4518.404237438589
1569, 4518.404237438589
1570, 4518.404237438589
1571, 4518.404237438589
1572, 4518.404237438589
1573, 4518.404237438589
1574, 4518.404237438589
1575, 4518.404237438589
1576, 4518.404237438589
1577, 4518.404237438589
1578, 4518.404237438589
1579, 4518.404237438589
1580, 4518.404237438589
1581, 4518.404237438589
1582, 4518.404237438589
1583, 4518.404237438589
1584, 4518.404237438589
1585, 4518.404237438589
1586, 4518.404237438589
1587, 4518.404237438589
1588, 4518.404237438589
1589, 4518.404237438589
1590, 4518.404237438589
1591, 4518.404237438589
1592, 4518.404237438589
1593, 4518.404237438589
1594, 4518.404237438589
1595, 4518.404237438589
1596, 4518.404237438589
1597, 4518.404237438589
1598, 4518.404237438589
1599, 4518.404237438589
1600, 4518.404237438589
1601, 4518.404237438589
1602, 4518.404237438589
1603, 4518.404237438589
1604, 4518.404237438589
1605, 4518.404237438589
1606, 4518.404237438589
1607, 4518.404237438589
1608, 4518.404237438589
1609, 4518.404237438589
1610, 4518.404237438589
1611, 4518.404237438589
1612, 4518.404237438589
1613, 4518.404237438589
1614, 4518.404237438589
1615, 4518.404237438589
1616, 4518.404237438589
1617, 4518.404237438589
1618, 4518.404237438589
1619, 4518.404237438589
1620, 4518.404237438589
1621, 4518.404237438589
1622, 4518.404237438589
1623, 4518.404237438589
1624, 4518.404237438589
1625, 4518.404237438589
1626, 4518.404237438589
1627, 4518.404237438589
1628, 4518.404237438589
1629, 4518.404237438589
1630, 4518.404237438589
1631, 4518.404237438589
1632, 4518.404237438589
1633, 4518.404237438589
1634, 4518.404237438589
1635, 4518.404237438589
1636, 4518.404237438589
1637, 4518.404237438589
1638, 4518.404237438589
1639, 4518.404237438589
1640, 4518.404237438589
1641, 4518.404237438589
1642, 4518.404237438589
1643, 4518.404237438589
1644, 4518.404237438589
1645, 4518.404237438589
1646, 4518.404237438589
1647, 4518.404237438589
1648, 4518.404237438589
1649, 4518.404237438589
1650, 4518.404237438589
1651, 4518.404237438589
1652, 4518.404237438589
1653, 4518.404237438589
1654, 4518.404237438589
1655, 4518.404237438589
1656, 4518.404237438589
1657, 4518.404237438589
1658, 4518.404237438589
1659, 4518.404237438589
1660, 4518.404237438589
1661, 4518.404237438589
1662, 4518.404237438589
1663, 4518.404237438589
1664, 4518.404237438589
1665, 4518.404237438589
1666, 4518.404237438589
1667, 4518.404237438589
1668, 4518.404237438589
1669, 4518.404237438589
1670, 4518.404237438589
1671, 4518.404237438589
1672, 4518.404237438589
1673, 4518.404237438589
1674, 4518.404237438589
1675, 4518.404237438589
1676, 4518.404237438589
1677, 4518.404237438589
1678, 4518.404237438589
1679, 4518.404237438589
1680, 4518.404237438589
1681, 4518.404237438589
1682, 4518.404237438589
1683, 4518.404237438589
1684, 4518.404237438589
1685, 4518.404237438589
1686, 4518.404237438589
1687, 4518.404237438589
1688, 4518.404237438589
1689, 4518.404237438589
1690, 4518.404237438589
1691, 4518.404237438589
1692, 4518.404237438589
1693, 4518.404237438589
1694, 4518.404237438589
1695, 4518.404237438589
1696, 4518.404237438589
1697, 4518.404237438589
1698, 4518.404237438589
1699, 4518.404237438589
1700, 4518.404237438589
1701, 4518.404237438589
1702, 4518.404237438589
1703, 4518.404237438589
1704, 4518.404237438589
1705, 4518.404237438589
1706, 4518.404237438589
1707, 4518.404237438589
1708, 4518.404237438589
1709, 4518.404237438589
1710, 4518.404237438589
1711, 4518.404237438589
1712, 4518.404237438589
1713, 4518.404237438589
1714, 4518.404237438589
1715, 4518.404237438589
1716, 4518.404237438589
1717, 4518.404237438589
1718, 4518.404237438589
1719, 4518.404237438589
1720, 4518.404237438589
1721, 4518.404237438589
1722, 4518.404237438589
1723, 4518.404237438589
1724, 4518.404237438589
1725, 4518.404237438589
1726, 4518.404237438589
1727, 4518.404237438589
1728, 4518.404237438589
1729, 4518.404237438589
1730, 4518.404237438589
1731, 4518.404237438589
1732, 4518.404237438589
1733, 4518.404237438589
1734, 4518.404237438589
1735, 4518.404237438589
1736, 4518.404237438589
1737, 4518.404237438589
1738, 4518.404237438589
1739, 4518.404237438589
1740, 4518.404237438589
1741, 4518.404237438589
1742, 4518.404237438589
1743, 4518.404237438589
1744, 4518.404237438589
1745, 4518.404237438589
1746, 4518.404237438589
1747, 4518.404237438589
1748, 4518.404237438589
1749, 4518.404237438589
1750, 4518.404237438589
1751, 4518.404237438589
1752, 4518.404237438589
1753, 4518.404237438589
1754, 4518.404237438589
1755, 4518.404237438589
1756, 4518.404237438589
1757, 4518.404237438589
1758, 4518.404237438589
1759, 4518.404237438589
1760, 4518.404237438589
1761, 4518.404237438589
1762, 4518.404237438589
1763, 4518.404237438589
1764, 4518.404237438589
1765, 4518.404237438589
1766, 4518.404237438589
1767, 4518.404237438589
1768, 4518.404237438589
1769, 4518.404237438589
1770, 4518.404237438589
1771, 4518.404237438589
1772, 4518.404237438589
1773, 4518.404237438589
1774, 4518.404237438589
1775, 4518.404237438589
1776, 4518.404237438589
1777, 4518.404237438589
1778, 4479.731023232865
1779, 4479.731023232865
1780, 4479.731023232865
1781, 4479.731023232865
1782, 4479.731023232865
1783, 4479.731023232865
1784, 4479.731023232865
1785, 4479.731023232865
1786, 4479.731023232865
1787, 4479.731023232865
1788, 4479.731023232865
1789, 4479.731023232865
1790, 4479.731023232865
1791, 4479.731023232865
1792, 4479.731023232865
1793, 4479.731023232865
1794, 4479.731023232865
1795, 4479.731023232865
1796, 4479.731023232865
1797, 4479.731023232865
1798, 4479.731023232865
1799, 4479.731023232865
1800, 4479.731023232865
1801, 4479.731023232865
1802, 4479.731023232865
1803, 4479.731023232865
1804, 4479.731023232865
1805, 4479.731023232865
1806, 4479.731023232865
1807, 4479.731023232865
1808, 4479.731023232865
1809, 4479.731023232865
1810, 4479.731023232865
1811, 4479.731023232865
1812, 4479.731023232865
1813, 4479.731023232865
1814, 4479.731023232865
1815, 4479.731023232865
1816, 4479.731023232865
1817, 4479.731023232865
1818, 4479.731023232865
1819, 4479.731023232865
1820, 4479.731023232865
1821, 4479.731023232865
1822, 4479.731023232865
1823, 4479.731023232865
1824, 4479.731023232865
1825, 4479.731023232865
1826, 4479.731023232865
1827, 4479.731023232865
1828, 4479.731023232865
1829, 4479.731023232865
1830, 4479.731023232865
1831, 4479.731023232865
1832, 4479.731023232865
1833, 4479.731023232865
1834, 4479.731023232865
1835, 4479.731023232865
1836, 4479.731023232865
1837, 4479.731023232865
1838, 4479.731023232865
1839, 4479.731023232865
1840, 4479.731023232865
1841, 4479.731023232865
1842, 4479.731023232865
1843, 4479.731023232865
1844, 4479.731023232865
1845, 4479.731023232865
1846, 4479.731023232865
1847, 4479.731023232865
1848, 4470.870841137395
1849, 4470.870841137395
1850, 4470.870841137395
1851, 4470.870841137395
1852, 4470.870841137395
1853, 4470.870841137395
1854, 4470.870841137395
1855, 4470.870841137395
1856, 4470.870841137395
1857, 4470.870841137395
1858, 4470.870841137395
1859, 4470.870841137395
1860, 4470.870841137395
1861, 4470.870841137395
1862, 4470.870841137395
1863, 4470.870841137395
1864, 4470.870841137395
1865, 4470.870841137395
1866, 4470.870841137395
1867, 4470.870841137395
1868, 4470.870841137395
1869, 4470.870841137395
1870, 4470.870841137395
1871, 4470.870841137395
1872, 4470.870841137395
1873, 4470.870841137395
1874, 4470.870841137395
1875, 4470.870841137395
1876, 4470.870841137395
1877, 4470.870841137395
1878, 4470.870841137395
1879, 4470.870841137395
1880, 4470.870841137395
1881, 4470.870841137395
1882, 4470.870841137395
1883, 4470.870841137395
1884, 4470.870841137395
1885, 4470.870841137395
1886, 4470.870841137395
1887, 4470.870841137395
1888, 4470.870841137395
1889, 4470.870841137395
1890, 4470.870841137395
1891, 4470.870841137395
1892, 4470.870841137395
1893, 4470.870841137395
1894, 4470.870841137395
1895, 4470.870841137395
1896, 4470.870841137395
1897, 4470.870841137395
1898, 4470.870841137395
1899, 4470.870841137395
1900, 4470.870841137395
1901, 4470.870841137395
1902, 4470.870841137395
1903, 4470.870841137395
1904, 4470.870841137395
1905, 4470.870841137395
1906, 4470.870841137395
1907, 4470.870841137395
1908, 4470.870841137395
1909, 4470.870841137395
1910, 4470.870841137395
1911, 4470.870841137395
1912, 4470.870841137395
1913, 4470.870841137395
1914, 4470.870841137395
1915, 4470.870841137395
1916, 4470.870841137395
1917, 4470.870841137395
1918, 4470.870841137395
1919, 4470.870841137395
1920, 4470.870841137395
1921, 4470.870841137395
1922, 4470.870841137395
1923, 4470.870841137395
1924, 4470.870841137395
1925, 4470.870841137395
1926, 4470.870841137395
1927, 4470.870841137395
1928, 4470.870841137395
1929, 4470.870841137395
1930, 4470.870841137395
1931, 4470.870841137395
1932, 4470.870841137395
1933, 4470.870841137395
1934, 4470.870841137395
1935, 4470.870841137395
1936, 4470.870841137395
1937, 4470.870841137395
1938, 4470.870841137395
1939, 4470.870841137395
1940, 4470.870841137395
1941, 4470.870841137395
1942, 4470.870841137395
1943, 4470.870841137395
1944, 4470.870841137395
1945, 4470.870841137395
1946, 4470.870841137395
1947, 4470.870841137395
1948, 4470.870841137395
1949, 4470.870841137395
1950, 4470.870841137395
1951, 4470.870841137395
1952, 4470.870841137395
1953, 4470.870841137395
1954, 4470.870841137395
1955, 4470.870841137395
1956, 4470.870841137395
1957, 4470.870841137395
1958, 4470.870841137395
1959, 4470.870841137395
1960, 4470.870841137395
1961, 4470.870841137395
1962, 4470.870841137395
1963, 4470.870841137395
1964, 4470.870841137395
1965, 4470.870841137395
1966, 4470.870841137395
1967, 4470.870841137395
1968, 4470.870841137395
1969, 4470.870841137395
1970, 4470.870841137395
1971, 4470.870841137395
1972, 4470.870841137395
1973, 4470.870841137395
1974, 4470.870841137395
1975, 4470.870841137395
1976, 4470.870841137395
1977, 4470.870841137395
1978, 4470.870841137395
1979, 4470.870841137395
1980, 4470.870841137395
1981, 4470.870841137395
1982, 4470.870841137395
1983, 4470.870841137395
1984, 4470.870841137395
1985, 4470.870841137395
1986, 4470.870841137395
1987, 4470.870841137395
1988, 4470.870841137395
1989, 4470.870841137395
1990, 4470.870841137395
1991, 4470.870841137395
1992, 4470.870841137395
1993, 4470.870841137395
1994, 4470.870841137395
1995, 4470.870841137395
1996, 4470.870841137395
1997, 4470.870841137395
1998, 4470.870841137395
1999, 4470.870841137395
2000, 4470.870841137395
2001, 4470.870841137395
2002, 4470.870841137395
2003, 4470.870841137395
2004, 4470.870841137395
2005, 4470.870841137395
2006, 4470.870841137395
2007, 4470.870841137395
2008, 4470.870841137395
2009, 4470.870841137395
2010, 4470.870841137395
2011, 4470.870841137395
2012, 4470.870841137395
2013, 4470.870841137395
2014, 4470.870841137395
2015, 4470.870841137395
2016, 4470.870841137395
2017, 4470.870841137395
2018, 4470.870841137395
2019, 4470.870841137395
2020, 4470.870841137395
2021, 4470.870841137395
2022, 4470.870841137395
2023, 4470.870841137395
2024, 4470.870841137395
2025, 4470.870841137395
2026, 4470.870841137395
2027, 4470.870841137395
2028, 4470.870841137395
2029, 4470.870841137395
2030, 4470.870841137395
2031, 4470.870841137395
2032, 4470.870841137395
2033, 4470.870841137395
2034, 4470.870841137395
2035, 4470.870841137395
2036, 4470.870841137395
2037, 4470.870841137395
2038, 4470.870841137395
2039, 4470.870841137395
2040, 4470.870841137395
2041, 4470.870841137395
2042, 4470.870841137395
2043, 4470.870841137395
2044, 4470.870841137395
2045, 4470.870841137395
2046, 4470.870841137395
2047, 4470.870841137395
2048, 4470.870841137395
2049, 4470.870841137395
2050, 4470.870841137395
2051, 4470.870841137395
2052, 4470.870841137395
2053, 4470.870841137395
2054, 4470.870841137395
2055, 4470.870841137395
2056, 4470.870841137395
2057, 4470.870841137395
2058, 4470.870841137395
2059, 4470.870841137395
2060, 4470.870841137395
2061, 4470.870841137395
2062, 4470.870841137395
2063, 4470.870841137395
2064, 4470.870841137395
2065, 4470.870841137395
2066, 4470.870841137395
2067, 4470.870841137395
2068, 4470.870841137395
2069, 4470.870841137395
2070, 4470.870841137395
2071, 4470.870841137395
2072, 4470.870841137395
2073, 4470.870841137395
2074, 4470.870841137395
2075, 4470.870841137395
2076, 4470.870841137395
2077, 4470.870841137395
2078, 4470.870841137395
2079, 4470.870841137395
2080, 4470.870841137395
2081, 4470.870841137395
2082, 4470.870841137395
2083, 4470.870841137395
2084, 4470.870841137395
2085, 4470.870841137395
2086, 4470.870841137395
2087, 4470.870841137395
2088, 4470.870841137395
2089, 4470.870841137395
2090, 4470.870841137395
2091, 4470.870841137395
2092, 4470.870841137395
2093, 4470.870841137395
2094, 4470.870841137395
2095, 4470.870841137395
2096, 4470.870841137395
2097, 4470.870841137395
2098, 4470.870841137395
2099, 4470.870841137395
2100, 4470.870841137395
2101, 4470.870841137395
2102, 4470.870841137395
2103, 4470.870841137395
2104, 4470.870841137395
2105, 4470.870841137395
2106, 4470.870841137395
2107, 4470.870841137395
2108, 4470.870841137395
2109, 4470.870841137395
2110, 4470.870841137395
2111, 4470.870841137395
2112, 4470.870841137395
2113, 4470.870841137395
2114, 4470.870841137395
2115, 4470.870841137395
2116, 4470.870841137395
2117, 4470.870841137395
2118, 4470.870841137395
2119, 4470.870841137395
2120, 4470.870841137395
2121, 4470.870841137395
2122, 4470.870841137395
2123, 4470.870841137395
2124, 4470.870841137395
2125, 4470.870841137395
2126, 4470.870841137395
2127, 4470.870841137395
2128, 4470.870841137395
2129, 4470.870841137395
2130, 4470.870841137395
2131, 4470.870841137395
2132, 4470.870841137395
2133, 4470.870841137395
2134, 4470.870841137395
2135, 4470.870841137395
2136, 4470.870841137395
2137, 4470.870841137395
2138, 4470.870841137395
2139, 4470.870841137395
2140, 4470.870841137395
2141, 4470.870841137395
2142, 4468.9149270804355
2143, 4468.9149270804355
2144, 4468.9149270804355
2145, 4468.9149270804355
2146, 4468.9149270804355
2147, 4468.9149270804355
2148, 4468.9149270804355
2149, 4468.9149270804355
2150, 4468.9149270804355
2151, 4468.9149270804355
2152, 4468.9149270804355
2153, 4468.9149270804355
2154, 4468.9149270804355
2155, 4468.9149270804355
2156, 4468.9149270804355
2157, 4468.9149270804355
2158, 4468.9149270804355
2159, 4468.9149270804355
2160, 4468.9149270804355
2161, 4468.9149270804355
2162, 4468.9149270804355
2163, 4468.9149270804355
2164, 4468.9149270804355
2165, 4468.9149270804355
2166, 4468.9149270804355
2167, 4468.9149270804355
2168, 4468.9149270804355
2169, 4468.9149270804355
2170, 4468.9149270804355
2171, 4468.9149270804355
2172, 4468.9149270804355
2173, 4468.9149270804355
2174, 4468.9149270804355
2175, 4468.9149270804355
2176, 4468.9149270804355
2177, 4468.9149270804355
2178, 4468.9149270804355
2179, 4468.9149270804355
2180, 4468.9149270804355
2181, 4468.9149270804355
2182, 4468.9149270804355
2183, 4468.9149270804355
2184, 4468.9149270804355
2185, 4468.9149270804355
2186, 4468.9149270804355
2187, 4468.9149270804355
2188, 4468.9149270804355
2189, 4468.9149270804355
2190, 4468.9149270804355
2191, 4468.9149270804355
2192, 4468.9149270804355
2193, 4468.9149270804355
2194, 4468.9149270804355
2195, 4468.9149270804355
2196, 4468.9149270804355
2197, 4468.9149270804355
2198, 4468.9149270804355
2199, 4468.9149270804355
2200, 4468.9149270804355
2201, 4468.9149270804355
2202, 4468.9149270804355
2203, 4468.9149270804355
2204, 4468.9149270804355
2205, 4468.9149270804355
2206, 4468.9149270804355
2207, 4468.9149270804355
2208, 4468.9149270804355
2209, 4468.9149270804355
2210, 4468.9149270804355
2211, 4468.9149270804355
2212, 4468.9149270804355
2213, 4468.9149270804355
2214, 4468.9149270804355
2215, 4468.9149270804355
2216, 4468.9149270804355
2217, 4468.9149270804355
2218, 4468.9149270804355
2219, 4468.9149270804355
2220, 4468.9149270804355
2221, 4468.9149270804355
2222, 4468.9149270804355
2223, 4468.9149270804355
2224, 4468.9149270804355
2225, 4468.9149270804355
2226, 4468.9149270804355
2227, 4468.9149270804355
2228, 4468.9149270804355
2229, 4468.9149270804355
2230, 4468.9149270804355
2231, 4468.9149270804355
2232, 4468.9149270804355
2233, 4468.9149270804355
2234, 4468.9149270804355
2235, 4468.9149270804355
2236, 4468.9149270804355
2237, 4468.9149270804355
2238, 4468.9149270804355
2239, 4468.9149270804355
2240, 4468.9149270804355
2241, 4468.9149270804355
2242, 4468.9149270804355
2243, 4468.9149270804355
2244, 4468.9149270804355
2245, 4468.9149270804355
2246, 4468.9149270804355
2247, 4468.9149270804355
2248, 4468.9149270804355
2249, 4468.9149270804355
2250, 4468.9149270804355
2251, 4468.9149270804355
2252, 4468.9149270804355
2253, 4468.9149270804355
2254, 4468.9149270804355
2255, 4468.9149270804355
2256, 4468.9149270804355
2257, 4468.9149270804355
2258, 4468.9149270804355
2259, 4468.9149270804355
2260, 4468.9149270804355
2261, 4468.9149270804355
2262, 4468.9149270804355
2263, 4468.9149270804355
2264, 4468.9149270804355
2265, 4468.9149270804355
2266, 4468.9149270804355
2267, 4468.9149270804355
2268, 4468.9149270804355
2269, 4468.9149270804355
2270, 4468.9149270804355
2271, 4468.9149270804355
2272, 4468.9149270804355
2273, 4468.9149270804355
2274, 4468.9149270804355
2275, 4468.9149270804355
2276, 4468.9149270804355
2277, 4468.9149270804355
2278, 4468.9149270804355
2279, 4468.9149270804355
2280, 4468.9149270804355
2281, 4468.9149270804355
2282, 4468.9149270804355
2283, 4468.9149270804355
2284, 4468.9149270804355
2285, 4468.9149270804355
2286, 4468.9149270804355
2287, 4468.9149270804355
2288, 4468.9149270804355
2289, 4468.9149270804355
2290, 4468.9149270804355
2291, 4468.9149270804355
2292, 4468.9149270804355
2293, 4468.9149270804355
2294, 4468.9149270804355
2295, 4468.9149270804355
2296, 4468.9149270804355
2297, 4468.9149270804355
2298, 4468.9149270804355
2299, 4468.9149270804355
2300, 4468.9149270804355
2301, 4468.9149270804355
2302, 4468.9149270804355
2303, 4468.9149270804355
2304, 4468.9149270804355
2305, 4468.9149270804355
2306, 4468.9149270804355
2307, 4468.9149270804355
2308, 4468.9149270804355
2309, 4468.9149270804355
2310, 4468.9149270804355
2311, 4468.9149270804355
2312, 4468.9149270804355
2313, 4468.9149270804355
2314, 4468.9149270804355
2315, 4468.9149270804355
2316, 4468.9149270804355
2317, 4468.9149270804355
2318, 4468.9149270804355
2319, 4468.9149270804355
2320, 4468.9149270804355
2321, 4468.9149270804355
2322, 4468.9149270804355
2323, 4468.9149270804355
2324, 4468.9149270804355
2325, 4468.9149270804355
2326, 4468.9149270804355
2327, 4468.9149270804355
2328, 4468.9149270804355
2329, 4468.9149270804355
2330, 4468.9149270804355
2331, 4468.9149270804355
2332, 4468.9149270804355
2333, 4468.9149270804355
2334, 4468.9149270804355
2335, 4468.9149270804355
2336, 4468.9149270804355
2337, 4468.9149270804355
2338, 4468.9149270804355
2339, 4468.9149270804355
2340, 4468.9149270804355
2341, 4468.9149270804355
2342, 4468.9149270804355
2343, 4468.9149270804355
2344, 4468.9149270804355
2345, 4468.9149270804355
2346, 4468.9149270804355
2347, 4468.9149270804355
2348, 4468.9149270804355
2349, 4468.9149270804355
2350, 4468.9149270804355
2351, 4468.9149270804355
2352, 4468.9149270804355
2353, 4468.9149270804355
2354, 4468.9149270804355
2355, 4468.9149270804355
2356, 4468.9149270804355
2357, 4468.9149270804355
2358, 4468.9149270804355
2359, 4468.9149270804355
2360, 4468.9149270804355
2361, 4468.9149270804355
2362, 4468.9149270804355
2363, 4468.9149270804355
2364, 4468.9149270804355
2365, 4468.9149270804355
2366, 4468.9149270804355
2367, 4468.9149270804355
2368, 4468.9149270804355
2369, 4468.9149270804355
2370, 4468.9149270804355
2371, 4468.9149270804355
2372, 4468.9149270804355
2373, 4468.9149270804355
2374, 4468.9149270804355
2375, 4468.9149270804355
2376, 4468.9149270804355
2377, 4468.9149270804355
2378, 4468.9149270804355
2379, 4468.9149270804355
2380, 4468.9149270804355
2381, 4468.9149270804355
2382, 4468.9149270804355
2383, 4468.9149270804355
2384, 4468.9149270804355
2385, 4468.9149270804355
2386, 4468.9149270804355
2387, 4468.9149270804355
2388, 4468.9149270804355
2389, 4468.9149270804355
2390, 4468.9149270804355
2391, 4459.111722125385
2392, 4459.111722125385
2393, 4459.111722125385
2394, 4459.111722125385
2395, 4459.111722125385
2396, 4459.111722125385
2397, 4459.111722125385
2398, 4459.111722125385
2399, 4459.111722125385
2400, 4459.111722125385
2401, 4459.111722125385
2402, 4459.111722125385
2403, 4459.111722125385
2404, 4459.111722125385
2405, 4459.111722125385
2406, 4459.111722125385
2407, 4459.111722125385
2408, 4459.111722125385
2409, 4459.111722125385
2410, 4459.111722125385
2411, 4459.111722125385
2412, 4459.111722125385
2413, 4459.111722125385
2414, 4459.111722125385
2415, 4459.111722125385
2416, 4459.111722125385
2417, 4459.111722125385
2418, 4459.111722125385
2419, 4459.111722125385
2420, 4459.111722125385
2421, 4459.111722125385
2422, 4459.111722125385
2423, 4459.111722125385
2424, 4459.111722125385
2425, 4459.111722125385
2426, 4459.111722125385
2427, 4459.111722125385
2428, 4459.111722125385
2429, 4459.111722125385
2430, 4459.111722125385
2431, 4459.111722125385
2432, 4459.111722125385
2433, 4459.111722125385
2434, 4459.111722125385
2435, 4459.111722125385
2436, 4459.111722125385
2437, 4459.111722125385
2438, 4459.111722125385
2439, 4459.111722125385
2440, 4459.111722125385
2441, 4459.111722125385
2442, 4459.111722125385
2443, 4459.111722125385
2444, 4459.111722125385
2445, 4459.111722125385
2446, 4459.111722125385
2447, 4459.111722125385
2448, 4459.111722125385
2449, 4459.111722125385
2450, 4459.111722125385
2451, 4459.111722125385
2452, 4459.111722125385
2453, 4459.111722125385
2454, 4459.111722125385
2455, 4459.111722125385
2456, 4459.111722125385
2457, 4459.111722125385
2458, 4459.111722125385
2459, 4459.111722125385
2460, 4459.111722125385
2461, 4459.111722125385
2462, 4459.111722125385
2463, 4459.111722125385
2464, 4459.111722125385
2465, 4459.111722125385
2466, 4459.111722125385
2467, 4459.111722125385
2468, 4459.111722125385
2469, 4459.111722125385
2470, 4459.111722125385
2471, 4459.111722125385
2472, 4459.111722125385
2473, 4459.111722125385
2474, 4459.111722125385
2475, 4459.111722125385
2476, 4459.111722125385
2477, 4459.111722125385
2478, 4459.111722125385
2479, 4459.111722125385
2480, 4459.111722125385
2481, 4459.111722125385
2482, 4459.111722125385
2483, 4459.111722125385
2484, 4459.111722125385
2485, 4459.111722125385
2486, 4459.111722125385
2487, 4459.111722125385
2488, 4459.111722125385
2489, 4459.111722125385
2490, 4459.111722125385
2491, 4459.111722125385
2492, 4459.111722125385
2493, 4459.111722125385
2494, 4459.111722125385
2495, 4459.111722125385
2496, 4459.111722125385
2497, 4459.111722125385
2498, 4459.111722125385
2499, 4459.111722125385
2500, 4459.111722125385
2501, 4459.111722125385
2502, 4459.111722125385
2503, 4459.111722125385
2504, 4459.111722125385
2505, 4459.111722125385
2506, 4459.111722125385
2507, 4459.111722125385
2508, 4459.111722125385
2509, 4459.111722125385
2510, 4459.111722125385
2511, 4459.111722125385
2512, 4459.111722125385
2513, 4459.111722125385
2514, 4459.111722125385
2515, 4459.111722125385
2516, 4459.111722125385
2517, 4459.111722125385
2518, 4459.111722125385
2519, 4459.111722125385
2520, 4459.111722125385
2521, 4459.111722125385
2522, 4459.111722125385
2523, 4459.111722125385
2524, 4459.111722125385
2525, 4459.111722125385
2526, 4459.111722125385
2527, 4459.111722125385
2528, 4459.111722125385
2529, 4459.111722125385
2530, 4459.111722125385
2531, 4459.111722125385
2532, 4459.111722125385
2533, 4459.111722125385
2534, 4459.111722125385
2535, 4459.111722125385
2536, 4459.111722125385
2537, 4459.111722125385
2538, 4459.111722125385
2539, 4459.111722125385
2540, 4459.111722125385
2541, 4459.111722125385
2542, 4459.111722125385
2543, 4459.111722125385
2544, 4459.111722125385
2545, 4459.111722125385
2546, 4459.111722125385
2547, 4459.111722125385
2548, 4459.111722125385
2549, 4459.111722125385
2550, 4459.111722125385
2551, 4459.111722125385
2552, 4459.111722125385
2553, 4459.111722125385
2554, 4459.111722125385
2555, 4459.111722125385
2556, 4459.111722125385
2557, 4459.111722125385
2558, 4459.111722125385
2559, 4459.111722125385
2560, 4459.111722125385
2561, 4459.111722125385
2562, 4459.111722125385
2563, 4459.111722125385
2564, 4459.111722125385
2565, 4459.111722125385
2566, 4459.111722125385
2567, 4459.111722125385
2568, 4459.111722125385
2569, 4459.111722125385
2570, 4459.111722125385
2571, 4459.111722125385
2572, 4459.111722125385
2573, 4459.111722125385
2574, 4459.111722125385
2575, 4459.111722125385
2576, 4459.111722125385
2577, 4459.111722125385
2578, 4459.111722125385
2579, 4459.111722125385
2580, 4459.111722125385
2581, 4459.111722125385
2582, 4459.111722125385
2583, 4459.111722125385
2584, 4459.111722125385
2585, 4459.111722125385
2586, 4459.111722125385
2587, 4459.111722125385
2588, 4459.111722125385
2589, 4459.111722125385
2590, 4459.111722125385
2591, 4459.111722125385
2592, 4459.111722125385
2593, 4459.111722125385
2594, 4459.111722125385
2595, 4459.111722125385
2596, 4459.111722125385
2597, 4459.111722125385
2598, 4459.111722125385
2599, 4459.111722125385
2600, 4459.111722125385
2601, 4459.111722125385
2602, 4459.111722125385
2603, 4459.111722125385
2604, 4459.111722125385
2605, 4459.111722125385
2606, 4459.111722125385
2607, 4459.111722125385
2608, 4459.111722125385
2609, 4459.111722125385
2610, 4459.111722125385
2611, 4459.111722125385
2612, 4459.111722125385
2613, 4459.111722125385
2614, 4459.111722125385
2615, 4459.111722125385
2616, 4459.111722125385
2617, 4459.111722125385
2618, 4459.111722125385
2619, 4459.111722125385
2620, 4459.111722125385
2621, 4459.111722125385
2622, 4459.111722125385
2623, 4459.111722125385
2624, 4459.111722125385
2625, 4459.111722125385
2626, 4459.111722125385
2627, 4459.111722125385
2628, 4459.111722125385
2629, 4459.111722125385
2630, 4459.111722125385
2631, 4459.111722125385
2632, 4459.111722125385
2633, 4459.111722125385
2634, 4459.111722125385
2635, 4459.111722125385
2636, 4459.111722125385
2637, 4459.111722125385
2638, 4459.111722125385
2639, 4459.111722125385
2640, 4459.111722125385
2641, 4459.111722125385
2642, 4459.111722125385
2643, 4459.111722125385
2644, 4459.111722125385
2645, 4459.111722125385
2646, 4459.111722125385
2647, 4459.111722125385
2648, 4459.111722125385
2649, 4459.111722125385
2650, 4459.111722125385
2651, 4459.111722125385
2652, 4459.111722125385
2653, 4459.111722125385
2654, 4459.111722125385
2655, 4459.111722125385
2656, 4459.111722125385
2657, 4459.111722125385
2658, 4459.111722125385
2659, 4459.111722125385
2660, 4459.111722125385
2661, 4459.111722125385
2662, 4459.111722125385
2663, 4459.111722125385
2664, 4459.111722125385
2665, 4459.111722125385
2666, 4459.111722125385
2667, 4459.111722125385
2668, 4459.111722125385
2669, 4459.111722125385
2670, 4459.111722125385
2671, 4459.111722125385
2672, 4459.111722125385
2673, 4459.111722125385
2674, 4459.111722125385
2675, 4459.111722125385
2676, 4459.111722125385
2677, 4459.111722125385
2678, 4459.111722125385
2679, 4459.111722125385
2680, 4459.111722125385
2681, 4459.111722125385
2682, 4459.111722125385
2683, 4459.111722125385
2684, 4459.111722125385
2685, 4459.111722125385
2686, 4459.111722125385
2687, 4459.111722125385
2688, 4459.111722125385
2689, 4459.111722125385
2690, 4459.111722125385
2691, 4459.111722125385
2692, 4459.111722125385
2693, 4459.111722125385
2694, 4459.111722125385
2695, 4459.111722125385
2696, 4459.111722125385
2697, 4459.111722125385
2698, 4459.111722125385
2699, 4459.111722125385
2700, 4459.111722125385
2701, 4459.111722125385
2702, 4459.111722125385
2703, 4459.111722125385
2704, 4459.111722125385
2705, 4459.111722125385
2706, 4459.111722125385
2707, 4459.111722125385
2708, 4459.111722125385
2709, 4459.111722125385
2710, 4459.111722125385
2711, 4459.111722125385
2712, 4459.111722125385
2713, 4459.111722125385
2714, 4459.111722125385
2715, 4459.111722125385
2716, 4459.111722125385
2717, 4459.111722125385
2718, 4459.111722125385
2719, 4459.111722125385
2720, 4459.111722125385
2721, 4459.111722125385
2722, 4459.111722125385
2723, 4459.111722125385
2724, 4459.111722125385
2725, 4459.111722125385
2726, 4459.111722125385
2727, 4459.111722125385
2728, 4459.111722125385
2729, 4459.111722125385
2730, 4459.111722125385
2731, 4459.111722125385
2732, 4459.111722125385
2733, 4459.111722125385
2734, 4459.111722125385
2735, 4459.111722125385
2736, 4459.111722125385
2737, 4459.111722125385
2738, 4459.111722125385
2739, 4459.111722125385
2740, 4459.111722125385
2741, 4459.111722125385
2742, 4459.111722125385
2743, 4459.111722125385
2744, 4459.111722125385
2745, 4459.111722125385
2746, 4459.111722125385
2747, 4459.111722125385
2748, 4459.111722125385
2749, 4459.111722125385
2750, 4459.111722125385
2751, 4459.111722125385
2752, 4459.111722125385
2753, 4459.111722125385
2754, 4459.111722125385
2755, 4459.111722125385
2756, 4459.111722125385
2757, 4459.111722125385
2758, 4459.111722125385
2759, 4459.111722125385
2760, 4459.111722125385
2761, 4459.111722125385
2762, 4459.111722125385
2763, 4459.111722125385
2764, 4459.111722125385
2765, 4459.111722125385
2766, 4459.111722125385
2767, 4459.111722125385
2768, 4459.111722125385
2769, 4459.111722125385
2770, 4459.111722125385
2771, 4459.111722125385
2772, 4459.111722125385
2773, 4459.111722125385
2774, 4459.111722125385
2775, 4459.111722125385
2776, 4459.111722125385
2777, 4459.111722125385
2778, 4459.111722125385
2779, 4459.111722125385
2780, 4459.111722125385
2781, 4459.111722125385
2782, 4459.111722125385
2783, 4459.111722125385
2784, 4459.111722125385
2785, 4459.111722125385
2786, 4459.111722125385
2787, 4459.111722125385
2788, 4459.111722125385
2789, 4459.111722125385
2790, 4459.111722125385
2791, 4459.111722125385
2792, 4459.111722125385
2793, 4459.111722125385
2794, 4459.111722125385
2795, 4459.111722125385
2796, 4459.111722125385
2797, 4459.111722125385
2798, 4459.111722125385
2799, 4459.111722125385
2800, 4459.111722125385
2801, 4459.111722125385
2802, 4459.111722125385
2803, 4459.111722125385
2804, 4459.111722125385
2805, 4459.111722125385
2806, 4459.111722125385
2807, 4459.111722125385
2808, 4459.111722125385
2809, 4459.111722125385
2810, 4459.111722125385
2811, 4459.111722125385
2812, 4459.111722125385
2813, 4459.111722125385
2814, 4459.111722125385
2815, 4459.111722125385
2816, 4459.111722125385
2817, 4459.111722125385
2818, 4459.111722125385
2819, 4459.111722125385
2820, 4459.111722125385
2821, 4459.111722125385
2822, 4459.111722125385
2823, 4459.111722125385
2824, 4459.111722125385
2825, 4459.111722125385
2826, 4459.111722125385
2827, 4459.111722125385
2828, 4459.111722125385
2829, 4459.111722125385
2830, 4459.111722125385
2831, 4459.111722125385
2832, 4459.111722125385
2833, 4459.111722125385
2834, 4459.111722125385
2835, 4459.111722125385
2836, 4459.111722125385
2837, 4459.111722125385
2838, 4459.111722125385
2839, 4459.111722125385
2840, 4459.111722125385
2841, 4459.111722125385
2842, 4459.111722125385
2843, 4459.111722125385
2844, 4459.111722125385
2845, 4459.111722125385
2846, 4459.111722125385
2847, 4459.111722125385
2848, 4459.111722125385
2849, 4459.111722125385
2850, 4459.111722125385
2851, 4459.111722125385
2852, 4459.111722125385
2853, 4459.111722125385
2854, 4459.111722125385
2855, 4459.111722125385
2856, 4459.111722125385
2857, 4459.111722125385
2858, 4459.111722125385
2859, 4459.111722125385
2860, 4459.111722125385
2861, 4459.111722125385
2862, 4459.111722125385
2863, 4459.111722125385
2864, 4459.111722125385
2865, 4459.111722125385
2866, 4459.111722125385
2867, 4459.111722125385
2868, 4459.111722125385
2869, 4459.111722125385
2870, 4459.111722125385
2871, 4459.111722125385
2872, 4459.111722125385
2873, 4459.111722125385
2874, 4459.111722125385
2875, 4459.111722125385
2876, 4459.111722125385
2877, 4459.111722125385
2878, 4459.111722125385
2879, 4459.111722125385
2880, 4459.111722125385
2881, 4459.111722125385
2882, 4459.111722125385
2883, 4459.111722125385
2884, 4459.111722125385
2885, 4459.111722125385
2886, 4459.111722125385
2887, 4459.111722125385
2888, 4459.111722125385
2889, 4459.111722125385
2890, 4459.111722125385
2891, 4459.111722125385
2892, 4459.111722125385
2893, 4459.111722125385
2894, 4459.111722125385
2895, 4459.111722125385
2896, 4459.111722125385
2897, 4459.111722125385
2898, 4459.111722125385
2899, 4459.111722125385
2900, 4459.111722125385
2901, 4459.111722125385
2902, 4459.111722125385
2903, 4459.111722125385
2904, 4459.111722125385
2905, 4459.111722125385
2906, 4459.111722125385
2907, 4459.111722125385
2908, 4459.111722125385
2909, 4459.111722125385
2910, 4459.111722125385
2911, 4459.111722125385
2912, 4459.111722125385
2913, 4459.111722125385
2914, 4459.111722125385
2915, 4459.111722125385
2916, 4459.111722125385
2917, 4459.111722125385
2918, 4459.111722125385
2919, 4459.111722125385
2920, 4459.111722125385
2921, 4459.111722125385
2922, 4459.111722125385
2923, 4459.111722125385
2924, 4459.111722125385
2925, 4459.111722125385
2926, 4459.111722125385
2927, 4459.111722125385
2928, 4459.111722125385
2929, 4459.111722125385
2930, 4459.111722125385
2931, 4459.111722125385
2932, 4459.111722125385
2933, 4459.111722125385
2934, 4459.111722125385
2935, 4459.111722125385
2936, 4459.111722125385
2937, 4459.111722125385
2938, 4459.111722125385
2939, 4459.111722125385
2940, 4459.111722125385
2941, 4459.111722125385
2942, 4459.111722125385
2943, 4459.111722125385
2944, 4459.111722125385
2945, 4459.111722125385
2946, 4459.111722125385
2947, 4459.111722125385
2948, 4459.111722125385
2949, 4459.111722125385
2950, 4459.111722125385
2951, 4459.111722125385
2952, 4459.111722125385
2953, 4459.111722125385
2954, 4459.111722125385
2955, 4459.111722125385
2956, 4459.111722125385
2957, 4459.111722125385
2958, 4459.111722125385
2959, 4459.111722125385
2960, 4459.111722125385
2961, 4459.111722125385
2962, 4459.111722125385
2963, 4459.111722125385
2964, 4459.111722125385
2965, 4459.111722125385
2966, 4459.111722125385
2967, 4459.111722125385
2968, 4459.111722125385
2969, 4459.111722125385
2970, 4459.111722125385
2971, 4459.111722125385
2972, 4459.111722125385
2973, 4459.111722125385
2974, 4459.111722125385
2975, 4459.111722125385
2976, 4459.111722125385
2977, 4459.111722125385
2978, 4459.111722125385
2979, 4459.111722125385
2980, 4459.111722125385
2981, 4459.111722125385
2982, 4459.111722125385
2983, 4459.111722125385
2984, 4459.111722125385
2985, 4459.111722125385
2986, 4459.111722125385
2987, 4459.111722125385
2988, 4459.111722125385
2989, 4459.111722125385
2990, 4459.111722125385
2991, 4459.111722125385
2992, 4459.111722125385
2993, 4459.111722125385
2994, 4459.111722125385
2995, 4459.111722125385
2996, 4459.111722125385
2997, 4459.111722125385
2998, 4459.111722125385
2999, 4459.111722125385
3000, 4459.111722125385
